440

118, 19,54,167, abbas S. 80021000Αο10-
12402110, 0111111· ’10
01110101 290, 295, 290,1 Αο511001 70,
01011100. Edess. 24, 01011100. Νο101. 59,
244, 260, 261, 269, 27 ,278, archiep.
Ν1001.520,559574010610011011101005.
104, 01011100. Tyr. 269, 272, avunculus
101100011 00 8011110065, 1101001001 57,
102,11011100001, fil. Guihelmi de Crnto
3, Blanchon 65, Bona Mente 72,
111001101 164, 11010110111101011111) 28,
caesas· dOm· 517112 84, 88-90, 932 95
-98, 104-108, ιιι, 117, 196,219,22ο,
Calderarrus 311, Camprum 127, 000.
Αο000. 58, 000. 1101121. 51, 000. S. Abra-
hae 100, 000. 80001511 (1400001441,
46, 000. 8800. 15, 68, 0001411. 51, 0000.
11000100 75, (300001101101, 0001. 100.
255, Canis 274, 000. 1101101110ηο1 1,
01100. Ant. 9, eard. presb. S. Sabinae
5061100111, const. 21, cler. Nazar. 22,
0010 2, 001011ιο1100 et Lieii 387, 00111.
Brennens. 353, 0002. 11020011011110 245,
00101000001. ι2, 0001. 1 recens. 52,
55, consang. Raynaldi deMonte 1105011
159110501101210, 581, Dais 138, 1)οΙ-
mas 201, 1101000 (00 Ηο1000) 11911110-
zurre 075, 00 Ajoln, 0001111. 254, 00
101111000111111100
00110168,0011011οι1289,5ι7,001100010
23111 001101121οη 15, 52, 62, ο, 74, 75,
00 1101010 07, 72, 74, 1, 00 010110 57,
48, 00110110, 11111. 205, 220, 001140110
138, 1411, 156, 158, 160, 168, 179176,
211, 00 Caco 61, (10 6010010110 288, 00
calmunt, fr. H. 120, de Combis 108,
(10(1011201191, 11111, 185, 191, 205, 2111,
00 Corbolio, 11.1. 95, 116, 00 11011200,
11. H. 546, 00110000011, maresc. Ant.
191, 192, 206, 00 61120101 100, 144266,
279, 289, 55 , 00 (1100 1101, 0211. 258,
00 (10110010 (60110111 144, 15 , 00
Ηο001101,111000001.00000550001-10110
95, 00 1001100 7550-80, 97, 104, 110,
ιιι, 115, 117, 11., 120, 274, 2711, 280,
28ι, 00 100101 520, 00 Jerusalem 119,
(10 Jerusalem, 1120011100111112000170,
1111011.1111101112· 11111
0010119111. 54, (1010511 159149,
156, 11211, 107, ι85, 00 101011, 11. H. 5011,
00 10000, 11. 11., 01000. 00 1101101 275,
00 10115000, 1204. Hier. 555, (1010115-
ἓῗὲζ 11111111111 ⁸3 52²3 11111111
200, 00 Μι112011 125, 145, 144, 150,
151, 159, 109, 57, 00 Μο11201000, 11.
11. 25 5, 00 Ν150110, 000. 8. Sep. 75, 90,
9ι, 129, 141, 144, 00 Ν150111119,

00 051101 1110501111) 25, 25, 0011111010

Index

12, 15, 22, 3, de Puteolo 21, 00 Qual-
qualra,f . .162,169,0011011101(110001)
175, 00 Rossillion 68, de 11011100, 11.Η.
546, 0011000 105, 00 80011000, 100.
Αο000. 278, 00 S. Desiderio card. 554,
00 S. Elia 77, 9 5, 008. Ηο010010(Α1210-
ham) 8, 40, 42, 259, 00 8. Μο011110255,
00 S. Paulo 78, 79, 00 Tabana (01.
Tiberiade), 00100010 (10001101) 279,
0010110, 0001000001. , 001110-
00100 2 550 54, 001100110 08510154,

155,161,105,170, 157,178,1 2-194,

190, 197, 201, 280, 0101010 64, 105,
1111111111.1ῗέξ111110111ξ1
. 0·

550, 552, 0100. Ly dens. 158, 0100
0101. 2, 0100. 8. Sep. 58, 1, 01010100
1110119, 000. 1000001. 87, 00112. (1100-
511154, 57,901,)ΡΕ1211001111111 25, 1111001,

00. 40, 55512, 00. 80051555 t,379, 585,
8110111001 121711141101601681, 01107111
272, 279, 10110001, 0000011110000112.
100. 250, 254, 271, 110115011111101111186,
Feustellus 111, fil. Βο01001 05, 00, fil.
Esehivae, dominae 11001100. 159, 111.
60110111, 0011211. 11400001. 541, 111. ,(100-
1111111011111ῃ110 (1111118182 ¹ 13 (1111101111
1101100184, 1111110500111008410110 158,
111. Ηο501111 00 (3011101191, 01410110
28, fil. 01010111, Ρ11. 72, F 1000100111 159,
’1011111 1111111111111121111·
110111. Αο000. 5 511, 1 , Η., 0105019100οζ
89,11. 110111 00 (10011142,11.8. ..00011
507, Gantelini 587, 500010100110101111-
11169, (11011101, 11. 1. 177,180,(11101001,
11. Η, 10050. 01000. 8961010001 108,
100001555100 001. 27, ¹75, 286, [0110
120, [01020111 0, 0001. 11. 200, Ler
carius, cons.Jan. 184, 189, Lyddens.
10111· 1111οῑ 111111111ῗὲ1
11201010100500811371 Ι111010101112011001
111111110110001111οῑ
01501100,11110οΑ101001000110000110110
novo 68, Martini, 11101010. Hier. 186, 187,
11111111111111· 1111811111ἓὲ
00 valle, J03a9h31342⁰57‚ 02120111100111
Thabor 102, Moresinus 146,160, Nor-
050000179, nunt. cons. Pis. 192, Ρο10-
1510001, 11100οο01. Αο000.,209, 520, Ρ11-
1100105010, 400. 01 001. Ρ11. 206, prae-
pos. 8. Sep. 55, 5 5, praepos. 880000
Denkendorf 584. 1010. Accon. 25,
01101 (10011012) 1. 11010. 85, 88 1110-
100101, 01101 Ο. Pr. 112001 576, 110111οι

 

