locorum.

———-—-—-

Terfelsay (101101101, 10611010110) 293, 1107101100 (0111601100) 181, 209

10211611 illa 134, Asquatim 153, Beroaldi

Trass1m 20 .
Trazargr .

(Bervaldi) 15, 16, 610000174, candida T refila; 01. 10196110.
146116001000111111 174, (1οο1260, Dai- Tres pontes 286.

110011 163, 164, 110 Genetiis 171, Fray- 11100110 136, 138.

0101101 34, 6011100 152, Guigerii 234, 1110601ίο 124.

235, 10110οῃ11010 270, je bene parti 294, Tripolis 4, 9, 11, 16, 18, 28, 58, 84, 86,102,

· 295,Μο6010153,01011οω1082,Μο110011

42, 11011010001001152, Ρο100110352,

110106οΙ111 35, 110011260, 8.Ρο110111255,
S. Sepulchri 134

10110610134.

10111110 (10196110) 134.

10110610 329,

10111000 230.

1011010100 263.

107110600 297. ,

160010116000 61.

1600110259.

160001118, 123.

16001122,60.

160000 43, 239.

16011ος 01. 1107101.

Theledehep 29.

Thera 10,

1601010134

Rege (Theire) 148, 337.’

1107.

1603111293.

160ρο110.

16010 107, 340,

1101011ηο 180.

Tiberias (Tabana, 1060110) 18, 21, 36, 7 ,
741761 ’391 1751 2591 ²371 211344137ᾆ1
11111110111111111101·

1160103787 ³ 7⁵

1111010 64

11210379.

10001; 01. 10001.

1011161295.

101, 10 (10101010)296, 337.

10101010 336, 356, 3 58.

10101 294

10101110 el-Sefargelis 330.

10111020 294.

10100(001,1111011010) 18,67,84, 139, 163,
173, 174, 264, 276, 280.

10100(010),Λ610011 42, Bufali 111,010100
1010110 19, 1101101110 112,11010 801010
49, 110 lucan 289, 111100 1106011101 286,
1111106011οο 94, 801011101 320, suspenso-
1011114.

101110 88.

1011010 9, 16, 26, 29, 99, 121, 181, 347,
49,,379, 377, ecclesia (S. Andreae, 8.

anae.

101010010 112.

10010 (16010) 330.

1001000321.

1100110230. 1

128, 140, 156, 161, 164, 171, 173, 289,
304, 315, 316, 365, 371, 37 ,6010100110
11,6016000110 164, burgum novum 195,
224, canalis 23, 0001100101 195, domus
111 26,, 511111βο12018 ,11411141
000101100 (8.0011101101, S. 01100, S.
Mariae de Turre, S. Michaelis, 81110-
1000), 11011101 29, 100110 170, 270, 287
1001100010 3 73, 382, 1010010 47, 60111
54,161,323, ospitale 53, 54, macellum
164, 1001111100 2 1091110110 278, 286, 288,
323, 344, 366, planum 383, platea 19,
26, 29, 90110 6, 26, 29, 195, 324, portus
11, 19, 26, 29, 47, rugae 352, teloneum
26, 29, Templum 376, 101101 224, vicus
1 .

Tro⁹machii 1000100010 243.

1100101062.

Troussepaille 357.

10600 160, 214.

1060010 10, 70.

1116111 10.

10100 11010111 220.

11110 381. ”

101011000εο territorium 153.

1016010110 (1016010710) 59, 140.

1016010011010 38, 64.

1010010 (17100101) territorium 153.

Turon(um); 0110100010).

1011111100 319.

101111, Bertrandi Milonis 1 6, 10600 306,

Τ3341060000 164, templariorum 181.

0001 .

1110101 (11113010) 19.

Tyr dube 297.

1710, 10 (10110, 160110, 1110710) 328.

,1110η 1181110140·

17100010 312, 329.

17101 11, 24, 27, 61, 73, 82, 98, 101, 136,
Ῑέ01 Ῑέἔ1 ¹3¹1 ¹661 'gg’ ¹761 Ι93111181
2 l: 3265: iql'a 2110111113 2936111611 161,,

6111000 177, 184, 291, 293, 312, 348,
600000 297, 601600000 98, 60060110

348,001061001348,0010111010348 0010-

900110 367, 00010001Ι 337, capella 184,
00106101 293, cassano 294, 0011011010

178318ομ 188, 229, 279, (348, 03111000
1,,1131118111ἓῗὲἓωὲἓξοέΐζ
conductus aquae 27, 290, 292, 294, 295,
312, 334, 348, contractare (0060161101-
gesse) 291, 292, corsuna 290, curulium
348, 11011000 348, (1011101105, domus

 

