49'4 Index
Buissera 56. Cala 87.
8116111111(Β1111111111,81111111)101,106, Calabria 16, 17, 78.
118, 111, 143. 0111111111135.
Bulbul 37, 41. Calamon 18, ²¹>9³ 376.
Bulbus 37. Calanchun3 1. 01111111.
1111111 319. 0111111111 (1111111111111) 16, 67, 70.
Buquequia (1111111111)130. 01111111 (0111111111, 1111111111) 31.
Burdj ar-rassfis 16 , 380. 0111111 130.
1111113 11-11111111380. , 01111111 (Qualquelia) 39, 115.
811113 11-1161 306. 011111 fornax 111, 314.
8111131111 el-hodjadj 381. 0111111111(011111110111111111,011111·
Burin (Beria) 6, 158. son, Calanchun, Calandiun‚ 01111111,
Burin 153. 1111111111) 35, 69, 73, 220.
Burio 17. 0111911111 76.
Busene 331. 01101111 39.
1111111111 153. Calycadnus 224
Byblium 9, 168, 181, 187, 315. Camardesinum 224.
87111(81111,Μ1111111111) 111. 0111111 (0111111111, 11 0111111111, Ε111111)
Byti1i; 1181111111. 158, 168, 202, 301, piscaria de 53.
Byudia. la 341. 01111111 163.
01111111( 11111111, (111911110111-
sara) 165, 148, 163.
Cabbara 163. Campania 304.
Cabecie (Cabesie) 183; 11. El ebesie. 011111 317.
011101(011111,01111101) 174, 178, 319, 344. 0111 0111111111 316, 33 3.
011111 248. 01111 Turon’is 314.
011110 (0110, 011110, 0111111111) 11, 35, 01111 197.
0171111110118171ὶὸς 306, 319, 3⁵4 0113111υέ1111 Ι111 24
Gades 173164. 0111111011111) 71, 146.
0101111101159. 01911111 145.
01111111 8, 9, 11, 18, 31, 31, 73, 74, 75, 81, 019111111111 (Sa harabra) 18.
85, 110, 111, 113, 15 , 159, 175178, 0191111011 (111 1111111111) 16, 93.
314, 315, 310, 3143378, §ornus 28, 35, 0191111111343.
01319111ἓέ’11111111111111 1111111311 1, 151. 0111111ἒ1111101ἳ1111111,01911111111)
Cafar Dabael (Caffar de bael) 193, 195. ¹ 6, 10, 136.
0111111111 (0111111111) 64194 j Capharmazre 12, 74
Cnsareab (Kefreachab) 16. 3 Capharnaum 12, 74.
011111110111 331. ⁴ 019111(1)111(11) 41.
0111111 15 . 019111111117.
01111111(01111111)105,119,133,314,345. Capharscept 16,
0111111111111(0111111111111) 330, 340· 01311111110019
(0111111116111115111111 Pontis 8111) 56. 0131111111 190, 184.
0111111111 0, 10. 0191111111116.
0111111111111 30. ἷο191111111111 181.
0111111111 . ί0191111111141, 119.
01111111 (01111151, 01111111, 0111111111019111101 153.
01111111) 135, 107, 317. 1 0191111111 153.
01111111 (019 11) 105. ξο191111111111 50.
011111 319. ζ 0191111 (01111111, 8191111) 111.

8111103141, 0191111011)

01101111 153. i Caphrahael 333.

011111 119. . ,01911191101
0111111111 316. , 019111111 159.
0111911111 1111111111110111111 311. 3 Cara 6.
Cafresur 319. 0111,10; 1111111111.
01111111101111111) 316, 331. 0111111 89, 318.
0111111 113 (cf. Babylonia nova). 1 Carcasia 159.
01119111 46. 1 Carcassesium 3 5 5.
01111911 (01111911, 0111111111) 13. Ι 0111111111 319.
0111111 (01111011) ὁ, 163. Caroblerus 217.

aphrapales) 259.

 

