8022602 (80222602), 11030 28, Louis 72. 383, Guido de 200, 202, 21 1, 213, 224,
Bures (80212), 8121222602 62, 12. Τ, cast. 242, 282, 287, 6016212002 62, 2222. 22 2,
6222261 blanci 287, 28 . 213, 21 ,224,242,1-12221202 62 238, 282,
8023220 (8013220), 6016212202 62, 2022. 359, 2221202, fil. 6016021262870110
et vicecom. 122. Α2202. 309-323. 35911030 62, 6022. 238, 240, 2 6, 2 58,
802322212, Ρ22202, ’ur. Α2202. 38 Ρ121- 260, 22 2, 8212202602 62 246, 267, 268,
lippus, civ. Tripo . 54, 1126011122 87. 270, 272, 275, 276 298, 200, 202, 222,
802322, 82221 227. 22 3,22 5,224,282, 222202602 62, 20222.
8023262622), 822002, 2222. 292, 292, 81- Τ22901. 2 59, 262, 1121221602 62 238, 242,

2202, dux Ant. 235, 239, 246, 248, 252, Rainerius de 293, 294, 296.
862ἓῖοέ 8221601002 62 2,4, 62222602 62 020221012062 37, stude 236.
244811161611131, fr. s. Mariae ε1161111111 61166611121161

22222 4. 2 .
8023012, (1252222102 45. 6262722102, Ρ22202 227.
802301202 (80232210),Α262222 235. 62022212, 6022122 62 227, Humbertus
Burgundiae, 8202, civ. 82222622 220, dux de 68.

11030 288, 289, iohannes, civ. Gibelini 62021222, Herbertus de 58.

220. 6221229222, 62222602, Tyr. 348.
8023026122212, 6222222102 45, 80122602, 6220 66122203822022602 62 46, 1-1030 62

12. H. 197, 202. 62, etrus de 3962.

Burgundio 100, Gervasius 62, 61022202, 62621, 6061212202, 12. T., 22232. 92222.

civ. Mahum. 77, Hauricus 32, Rober- 252 Trinium, fr. H. 269.

102, 12..Τ., 2223. 2 ,43. 6222612, filia regis Philippi, uxor 802211,
8023026202 62 822 “ ο 229. 2022. Τ22901. 26, 29, 47, 5 54, 00, 08,
802302602, 60160, 202. 393, iohannes 239, uxor Plebani, dom. 00021220.

257, 286, 292, 292. 6222222264 Α62202202 62 190, 1 2, Amal-

2. 0202

8023021202, 61220, 12. H. 1 e 224, 235 - 239, 0222212102

802302202, Ρ2002, 12. H. 85. 62 22 - 23, 113- 23, 25, 27,·28, 34, 3 5,

80222, Elias de 258, 6060122602 Το220- 6ο, 62122002 62 2 , 30, 35, 43, 00-

1161 11611113111111111· ‘3⁸’·¹?³’ ¹3⁴2?¹⁷2⁵1¹71721¹13e⁸133⁰12⁹3¹11⁹33
8211112212ξ21. 802412νί2. 229112029ἕέ 6354121 2465, 226, 240-2’42, 244,
80222 (80212), Hugo de 220. 249, 6222222202 62 222, 60160 62 237,
80212Ι (80222), 6016212202 62 Ιο, 60, 62, 244, Ηο30 62 75, 79, 84, 88-99, 93, 95

602621020262, 6022. Τ2022222122 28-25, -98, 204, 205, 207, 208, 220, 204, 290,
Β 27, 46, 319132, 34, 36, 40,J 43, 45 72. 2 939, 290, 101222022 62 279, 274,Μ279,
26022ἓὲ 1811211111 ⁰¹¹· ⁵⁷· 2..11.²1.²⁸.⁴1 16112 121112. 32¹3]
822222; 21. Butes. S1m0n 62 2963 822200 62, 12. H. 220,
Bursa, 11032002 2, 3. Thomas 62 43.
8022225102, 2262222312 27. 6222222222 26 &sontem 2222212. Abu 821-
80222002, 2222260245, 9ο. 1222 2, 3.
802229οἱ002 princ. Damasci 27. Caesareenses: 2221212 9. (2202. 32, 297,
80221, 6062122602 62 44 225, 229, 821601202,8222222602, 8022-
8022222, 821602202 6260, Mansellus 62 222202, Ernesius,Gaudenuus,Heraclius,

22 2, 223, 22 5, 226. Monachus, Petrus), 2222. (2111222202,
80222, 6016212202, 122. Α2202. 229. Thomas), senesc. (110303νί222οκ
80222221102626120110, 122. 387, 390. 2212. (6222222102, iohannes Gervasius,
Buseka, Eustachius 2 52. 81212226028100).
Busles; 21. 801122. 62222002, 29. 1222230222202 249.
80222110, Stephanus de fr. H. 320. 62122222 (62122226), Ρ22202 62 60, 220.
80202222 (8212222), 66222102 62 58, 85. 621226222, 62220602 62 73. Ι
80220 52. 62122222 (6291222222), Ρ22202 62,12. 122202
8022220202, 0912120, Ρ12. 305. Montis Thabor 203.
8021222οε 294 6212202, 2022122. 62.
8312112912209362202204222224, Hugo, Caffra, Philippus 62 274.

10122 602, 222602). 6212222, 620 udus 62 229, 240, 242, 247,
Byblio (61122122), Bartholomaeus de, fil. 248, 2 5ο.

82222206162 Byblio 383,Bertrandus de 62122604, 6016212202 212 209, Philippus

198, 200, 202, 222, 213, 215, 244, 282, 62 76, 3, 86, 94, 209

 

