5⁰0 Index

111π1110,111;11.1)111111111. 159, 307, 314, 317, 378, 11111111 178,
1111111155. 11111 1111189194, 351,353,1111111111111
Hobdelemen 194 7, domus 189190, 195,141,111111117,
11οά1111194 = 111,111111111381011118.11111111111·
11011111101111136. ¹ nae,S.Petr1), 1111111193,11111114ο,1111111
1101111111 194 11, 74, 178,141,1011193,178, hospitale
Ηο1111111,11319. Ι 1 3, porta 18 ,portus 178, suburbium
Homeire 193Σ 113, turres 1119 190, vineae 93, 194.
1101111111111111111 319. 1011111111 6, 1 18, 33, 36, 53, 63, 96, 97,
110101111111113111111319. 185, 315, 37 .
110111011111
11011111, 11 (Ε1110111111) 340. 10131111(10131111) 186.
11011111 (11011111, 01311111) 165, 148. 11111111 311, 316.
1101111111,11(Ε110111111) 340. 11111111 6, 10.
110111 181. 11111 148.
11111 380. 1111111111 13 5.
1111111111) 109, 117. 11161111(611111111)11 330.
Hubim (Hubin) 16. Jugmarzeban ²3 5.
1111111111 (Η101111111, Odabeb, 110111- 1131111111 135.
bet) 76, 86. Junite 263.
Hulddre 51.
11111111 378.
1111111111 (Η1111) 6, 10. Kurbet el-Ezeirac 330.
Huxenia 6. 11111011311- 330.
11711101(111101) 197. 1111111111 19.
Hydruntum 161. 1113111111131111 (111311111111111111); 11.
1 aterne.
. 1111111001 (Caphirhune) 146.
Iconium 134 1111111911 68.
Indapus 130. 11111111011; 11 (111111 Roberti.
11111111, 1111111 194196. 1111111111111, 11. (11111111.
111111 19 Κ11111111 81.
11111111 1116. 1111111111 (1191111111) 106.
311111;11.1Ξ111111. 111611111111(1119111111111, 1111111111111,
1111111 ,10.
1191111134387. 1111111111111111 319.
Κ1111109.
11111111 153.

81. Jordei 194

Ja‘arrah 319. 11111 11111111 3883.

Jaffa; 111031 e.⁸ ι 111111111311 3
1111111 (111111, (1111111, 6111111) 89, 163. (1111111111 (6111111111) 11.

1110111111 33, 1111111111 (Α1111) 6, 10.

111101 (6111101, Yanot) 163. 11111111 380.

111111 1 1,138,183. Κ11111811 378. Ι

111161 - 154. 1111111111 (1111111111, Κ111111111) 167.
sardinum de 11 Νο11111 1 8. Κ111111 380.

111011 (11111011, 111111, 1111011) 89, 161, 11111611 378.

J ι34831 318, 318. 1111111111111(1111111111, (1111111110111111
11111 1. zum .

111111 3401 Κ111111(1)11(1111101111611111111111) 16, 88,
11111111 153. Κ191111 Locamel) 16,19.

11111110 13, 41, 73, 114 1111113 0, 381.

111111 (111111) 1 . 1111111111,11 319.

11111 (11111) 165. 11191111111111111((11 1111111111)6, 10.
1111106. 11191111113318, g. .
Jobar 155. Kapharsakai (Ca 11111111) 6, 7.

310113 130. 6 Kapharse(p)ti( 11111111, 6101111106,
0111101 . 10.

10111,11111’; 11. Ζο111. Kapharta 1ο.

Joppe 9, 18, 17, 18, 31, 34, 70, 73, 83, 93, 11111 (Cara) 10.
114, 119, 135, 143, 153, 197, 199143, 1111111378380.

 

