personarum. 409

’.ι-*υ-

adami Nigri 103, 11. 6012. Agnae 95, 8. Sep. 57, 81 10622222 62 215,217,
Ρο1221 138. 220·- 222, 228, 241, 242, 244, 249, 252
8211022122, fit. Latini Valensani 382. -2 54, 2 57, 262-266,2 ο,2 1, 273, 274,
82110622 2021. 21 ejus 111. 82110622 (21. 276, 279 -281, 03,318,328,101122222
8211601622) 07. 62, presb. 350, 211262 105, Petrus 62
8221011122 (8211601622), 222. 8. Sep. 58, 327, 822122 62 346, 80621122 62 27, 32,
2111. 288. 11222012.(62]121122821621)62104105,
821102, iohannes, 222. Valen. 236. 173.
821102622 (82110622),11.Τ11. 222. Bes, F 1222212 376.
8211121222, 222. Ν2221. 98, 62111222 1 8, Bestia, Jordanus 87.
Deltana‚ 11. Τ. 177, 180, 62 Ρο21212621 821211ος 21. 801102.
11618211, 02122111122113540, re. 68616666, 61681183 {ie 148.
trus, 11. Η.8. 8212122 (82121122), 62160 62 12 Ι. y
Bertrand(us‚ 8211122222, 82111221) 40, 82121221821211222, 8212112261, irardus
Alumnellus, civ. Hier. 1 0, archiep. 6211914 , 166.
Caesar. 289283, archiep. 13 1222112. 109, 82111225 21. 82111222.
124, Α226221 6, 6212122112 186, cau. Bethania, 82162122262 196.
21 vicarius Nicos. 352, 222. 8. Sep. 58, 8216222011, Ν12012112 62 167.
6212222 166, 2122111901. 6, 26, Locus 8216211,62013122 de 143. .
144, com. Tripol. 11, 1 , 47, 150, 62 8216126212,621112112112 285,10221112112
Α113202,11.Η. 214, 112 halma 271, 62 62 11 , 10622222 62 39, 64,101, Ν120-
8122221016, 11. Τ, 1223. 82, 84, 93,9, 1222 279, 8111102112 142, 154, 160.
100, 101, 105-107, 114, 116, 117, 62 Bethlemitanr episcopt: (Albertus, anon.
B blo 198, 200, 202, ,²¹ 1, 213, 215, 244, 195,197,281,11222112112112[Α 2221121125
18233831126012601210279811261112512, ἓ1122111112 [ὲ2221111221 (11,,1612111216112,
111,18116886116111144111, 118188111111111181318411,
240, 241,316, 333, 62 6026211, 1. H. Radulfus 1, 8211211112 11, 8212211112,
3053162 1010111131,157,611Μ13221062, Β’1111012221ὲ h H d J.
1111111111 161111831618161331 ussaiw {¹⁸⁰ ⁶³²’ ⁰
19, 112 80211262102, 12111 6, Dorel 821112221821622111),Α122111222 62 193, 266,
2191121222316,61.821221611622202111, 82162122262 190, 1 2, 193, 196- 199,
dom. Margati 138, 148, 149, 151, 161, 206, 207, 621121122 2193,225,226, 242
162,167,171,173,11.Η. 2,1.Η.,1223. -242,244,24 6121202162241,6221-
267,11.11., 1101171, hh„ sacerdos mundus de( om. Τ1621126.35,74,84,
120, 11. 8. auricii Ο. 8. Β. 386, 62121 87, 88, 9ο, 93, 96), 198, 21 , 241, 242,
287, 1-1230 53, 12 01122341, 1223.,51117- 244, 24 ,Hugo de 32, 62, 6979747 ,
212222 ,11121222 20121112Α1221112193, 77, 12262112 621276, 279, 10622222 tie
11102. 0222 Thabor 7ο, pat. Ρο2111, 32,6 ,75,Ρ1111ιρρυ2 2194, Theobul-
comitis Tripol. rr, 13, 7, Ρο122112121 11112 <ie 317, 330, 331, 343.
8, 68ὲ138, 136, 257, 278, 279, Ρο121111 82122, ’12621622 62 147.

125, 21621

6,1121621249,11122201222 8223221621211. Caesareae 205.
26, 170, 195, 202, 214 82231221 (82131221), Petrus de 205, 216,
8211122222 Μ110 14 , 161. 217.
821112222 40, 49, Α6061011 27, 62 Insula Beuraje‚ Balduinus de, fr. ’1, 273.
8291621622821. 56. Ι 186666ῗ66έ8ῑ616822. 1 .
Berver‚ 6221116112 127, 61121622 127. 822022, thlelmus de, ctv.Tr1pol. 140.
8217122222 episcopi: (Α, 2202. 205, 71, 8121122, Ρ12112 62, 11. Η, 1221222. 307.
8216212112,821111010122222, Bernartius, Biauvais‚ Petrus de, 21113. 341. Ι
6212122222, 6261211222, Μ21221622, 816212 (Μ6111126-11111121), 2016. Aegypti
odo, Rainaldus). , 12, 152 115, 158, 160, 362 3⁶52 3772
Beryto (BaruthpBerttty, 2221. 2202. 62 1380. Ι
311, 2221. (82112222 2Μ112212 62328, 81 02,611111211222138.

‘alterius de 2 y, 27, 28, 37, 37, 84, 93, 8130112, 2022. 62 100.
1.

9996, 104, 6212112262, ,511222 81 21112, 6211211112 10.

76,1 16, 121,6110 62 240, 243, 248, 62160 B' iom (82111012),Ι)2122622 62, 222. 346.
62 43, 49, 62, 63, 75, 79, 2, 131, 135, 8112122; 21. Berytus.

146, 1 0, 164, 241 6216212122 62 199, 8122220222,Α2102. 169.

247, 6261211222 62, 6122. 2121166122. 8122211222 archiep. Amadeus 233.

26·

 

