426 index

62112225, 2025. Pis-‚²542 q. Rossolini 382. 5 Α12111922121Α111222) 166, 167, 171, 1”2,
62112112522111115, clv. Mahum. 77. ‚ de Avenrs 242, 284, de Beryto, fr. 1.,
6212, Α12211125, 11. S. Lazari 95. 91222. 6, 116, 121, 212 Betenuble 148,
6212182111221125287. Ι . 1121121822 195, 112 11216522 225, 226,
6212121125, Andreas, Ven. 292, VrtahS, 240-242, 244, 249, de Bosco 28, 112
1122297. . ¹ 11211026511211212112258,-85112622·
6212121, 1112115, 12101110122111 295, 296. 52122 28, 50, 5, 45, 60 - 65, 165, 164,
62122112 576. 175, 1 7, 178, 18ο,192, 195,196,199,
62122625, 11. 88. Joseph et Abacuc 94 205, 264, de Caesarea, const. 21522252
62121122251121125, 1211., presb. 37. Cypr. 225, 226, 240-242, 244, 112
621211225,11062112541, 127. 6211202170, 112 Capella, can. azar.
6212621125 (Gualchcrius) deNazareth103. 141,142, 112 62512111022 156112 61125121-
621215, Ρ21125, 11. H. 224 1102 519, 524, 526, 112 Dampierre 94,
6212212 (62122121, 1121221125 11295, 111. 112 Fracta Mola 72, de 60140, de 11
62122515, 110521125 78. 211112, 2111. 258, 112 622112 87, (12112120
6212122125 (Waleran), ep. Beryt. 272, 86, 1121621120, 12212521099225 527,
62111616116221121125) dap. patr. Amal- 8871111111 5858, 1812,111111211111111611 ‘iic'
1121 141, 145. 11215210 54, 112 11212125 5, 112 Μ11262110
6211111122112511225, 11. Τ. 220, 112 Το10212 151,146 112Μο2126211121110,20251.Η121.
74111212211111111011741.11., 117,111,112,117,21120121112222.
ap 1099225. 220. 8. 2111112125. 261,112 8292121110, 2102.
62122251126112222112 182, 185, 185- S. Mariae de valle iosaphat 87, de
2111111818 811111111183117111118118
62112225, 10622225 511. 11211120 226, 2146, 5115, ile 8112111110
6211225, Palaia 85. 514, 515, 112 8. Quintrno 65 1122. Tyr.
Gali 2101122225 56. 101, 1121605 52,5 , diac. 8. Sep. 38,
621181222121.Τ1621125); 2222162121625, 602112 102, 1102182151. 25, 27, 28, 57,
11015062121125,82110), 20 2 51. (Fnde- 57, 84, 95, 95, 96, 104, 151, 155, 146, 150,
11225,12120,6211211251128Α211221210), 156, 1101111102115 Regalis 119, 11012.
12 areae. (Giraut'ius, 6211212125), ’116211211 87, 90, 95, 96197, 105, 107-
1111112111111111112111, 1111118111117187111111111ΐὲ1
Petrus Aurifex). ⁸ Accon. 89, 597, 174, 226, 229, 06, .
6211012, Lambertus 87, 155, Simon ¹34 Ε1212251111115112Τ1621121127661112512-
6211922, Μ2111225 175. 21111 61222111 2 5, 27, 28, 111. 12 021565,
6211115, mil. 80. 111. 12112222 622521. 216, 2151122122-
6211211125, 111. Α1221111, civ. Mahunt. 77. gns 65, 11. (luidonis de Caesarea 157,
6211212, Ρ15. 1206. 11. 11., 2251. 112 112552 2 58, 11. Ο. 111. cap.
Galhcus, 6111110 66. 11102122, 9211. Η121. 558, 544, 11. b.
Gallina, 61621125122. 215. Mariae Latinae 06, fr. Τ. 106, 11. Τ.,
6211162225,Ρ21125,11.,11., presb. 28. 522252. 122, 11 111.,20212121111. Sidon.
621122225,921.11122111197. 529, 11. Τ11., 11125. 517, (11621211 157,
6211115, 1211. 255. 6121121125, 11021. 6225111. 28, 50, 55, 50,
6210 75, de 1251112, 11. Τ. 100, 29. Pari· 60-65,6 , 111,1212215226,1.2222518,
51225. 11, 11. 121225 Montis Thabor 105. Ledus 280, Lentornior 45, Macayre

,Π-

621091225 186, 1 5. 5 0, 552, 11221102 77, 1126221218, 11,
62112111, Petrus 11.Η. 160, 161, 169.. 18,19,5 ,11121226221528,542, 1121112111
6211121125 (6221121125, 6221211115) 20, 45. 40, 44, 11212602125 02, 05, 66, 68, 69,
15 266258Α212211122, Alemannis, Maiprnus 145, 148, 170, mil. 202111.
211. 522, archid. Accon. 288, Anglicus Τ11901. 565, 2102. 8. 1121122 (12 valle
186, Α11121 252, 254, 1111121, vicecom. iosaphat 54, 1110121125 294, 22905110-
Beryt. 1 10 , 175, 1121122121 12,15, 62111 1122252118.Α2 11111691121112578,
5, Β212 9, 821125 226, 11150125 10, procur. 11. Th. 18,i²r0vinciaiis,rnon.
8115262112, dom. Beryt. 25, 27, 104, 8111211112(122211210529112187,022162
257, 8125262112, 11. Τ. 100, 222. Α2202. Α121) 518, subdiac. S. Sep. 33, vicecom.
58, 222 11121521. 100, 222. Το1105. 121, 112 6112920 5 5, 50, vicecom. Mirabeliae

canTyr. 51, cap. Nazar. 156, 621922- 102, 110, 111222021Τ16211211. 117, 155.

12222515 250, 281, 282, 62112225, 112 6112222112 244, 256, 266, 2
41,2021.Β1221122515 2110 pena. Rochia, 2221. Η121. 79, 82.

11112 Antiochia, cam. Cypri 581, 112 6111221121, 222. 8. 829. 48, 49, 57, 59, 95.

121125 78, 2021.

 

