498 Index

———·-——--—-——-- ————— - ——- -ι- .-—————-——-

Farangi 173, 399. 631903 113, 147.
131131 (131) 99, 100. 631311331 103.
1311111111 113. 6319313 (1931131) 19, 79.
131333 981. 631113 169.
135033 (1355033, Ρ1135033, 1355013; 31. 6311113 116.
Bellum videre) 169, 348. Galilaea, casale 169, 164, 399.
135513 172. Gallia 316.
13330333113, 13 943. 63133553 339.
133113 169. 63953113313383.
1311135 (131110) 86. 63131931 980.
1330313 (1310313) 399, 396. 6311135513 399.
1331313 4ο. 6351133 Dominae 167.
1311111 31-133113 383. 6351133 fontis 164
131553, 335313 de (Defaissa) 110. 6351133 Neapolitana 170.
131131313 39. 6351133 913131 118.
131111 199ὦ 635103 181, 304, 309, 319, 334, 337.
1311313 . 6311393133 116.
133113 112. 6335931933 377.
1331031 394 Gaza (Gazara) 94, 193, 907,914, 919, 978.
13335 194, 348, 369. 6311113311 (1311113) 990.
131311111311980. 631133 199.
13193 (13113193,1131915,Ρ1131913)71, 196, 631131 (611131, 131131) 96.
918, 38, 943. 631131113, 13 (13 6311391913 13113113) 940.
13111( 103135),335313910311599ο,1131333 63111113164
118, 160, 3 97, 349, 1303351311331 199, 63111189.
pons 118, 146. 633113 348.
1355311333,13 939. 631531103940.
111313 944. 6313111313 990.
1131553 ( 31553) 60. 6313333 3119.
1193313 903. 63113113 (63131113) 99.
113133 339. 63103 908.
1133131 . 631311170.
1133133 1311011(31.101113335)18. 6331(31)31139.
1133133 mortuum 198, 939. 6331135 93, 79.
10339 399, 396. 633333 389.
10113 3 94. 63335131 19 .
103110311 10. 6331110,10 .
Fons surdus 94. 63131113 199.
109331 397. 631313 86.
10139393 397. 63113331 grande 919.
1013113 77. 6313131335 304
101311115, 13 39. 63101. . ,11135318
101351, 335313 11313 60. 635311313 166, 331.
10131913 939. 631 (6313, 633, 6333, 13111) 348, 369.
1133133133515 3331. 14. 6333713 940.
13311978. 63313 939, 9999 .
1331133 (8331133) 6, 7. 6113631193, 3 - 1 9.
13313 340. 6113113313, 13 938.
133 118. 611131; cs. 63 31331.
13363303113 191. 611131333189.
1335331311980. 61113131 (Byblus) 9, 6, 11, 97, 6, 97, 73,
,838511111111115413831 -
6163113331 9, 87, 193, 193, 919.
(13113310 399 6111311331 17, 97, 63, 103, 330.
631133 396. 6111053133 (6911350333) 116, 133.
6311303 08. 611131 109.
6311311313(1193113193,6311317363113513, 61133117.
Elgabcie) 348, 91 , 940. 61111 (63111) 41, 139.
631131331 (611131) 9, 6, 199, 196, 173, 181, 61011313 113, 934.
183, 300, 337, 397, 391, 369 373. 601113 116.
63111164. 601113 181.
6311111394 60111331 18.

 

