personarum. 405

————-

171, 17 176,181, 184, 31411 Ν111) 1111184Ν119. 1631,146,149,15ι,151,
1111111117,1111111, 1113110 111ξὲ. ³ss ,
199, (11811111 19-21,2 ,11 8111111111, 8111111111 (Arbalestrer) Henncus 133,
11118111111186, de 111111 113, 114, 1111111111, 11. H. 169.
161, 118111 162, 1 1, 11 Salvo, ’111. 81111111, 11111111, 11111111. 314, 315.
348, 118111317, 111 S. Abraham 19, 81111111, (111111, 111. 361.
11, 28, 3ο, 33, 41, de Teroana 147, 811111, 8111111111 11171, (1111111111 de
111111117111 1111168, 69, 11 Trers 1 3, 196, 117, Petrus de 47, Rolandus
8111111 63, dom. Ramat. 43, 94, ep. (1111111111)11,11.(11111111111118. 1911,
Berytensis 15, 6, 41, 44, 46, 51, ep. 117.
8111111111. 31, 111. 111111 Magni 1 811111111111191. 191.
fil. 811111116 11. Georgii 111,111.Ιῖ1- Balneis, Petrus de, 111.Μ111111111177.
1111111111 156,111.1111111,1111111111.11119ἶ 811111, Obertus 11,8117111111 114.
68, 7ο, 96, 11. Α1111118111111111 8111111111,1111 fabulosus 313, 381.
184, 1111131111 11 111111 76, 78-81, 8111111111, 8111111111, Ρ11. 147.
85-87,11, 11813111181111111111, 8111191111, 81111111 89.
dom. Miraiii1i22,23‚ 11. Jocellini 11 8111111111, 811111111 313. .
8111111111 15, 79, 818 , 145. 1 7,116, 811111111, 1111111111111111169.
11. 11111111 1111111 1 147,11.Τ1., 81111111118111111196.
praec. 1111113181111113111 151, 151, 8111111111, 811111 311, (1111111111111.
(1111111 118, 117, Hostiarrus (Usserius) 310, 3¹ 1.
193, 196,117,1119.01111.113,114,118, 8111111111, Thomas, 1111111111. 380.
Latro 63,11 81111115, ma . cler. 61, 8111111811511111111,11111111. 119.
135, Magnus 166, 111111181111. 161, 81111111811 151, 164, 176,118 cane.
111. regis Hier. 221,228, Philippus 198, marchionis Conradi 177, 178, 181,188,
Ρ11. 71, Ρ11. Tyr. 177, 1111111111141, 189,11111111111111116,11111111.
45,71,74,94 131, 1313137, 141-145, Ρ11.1191,Ρ11. 81. ι ⁴
147-154159,161, 161-115, (1), rex Banerrus, Johennes 161, 113.
Hier. 1- 19,11, 3 , 34, 36, 43, 46, 55, 811111, 81111111 141.
58,15,74,81,151, (1141111 1111111-34, Baptizatus, (1111111111 (11. 11 8111111-
37 38, 44151, 58, 73, 81, 111, 115197, garda), (1111111111, 1111191111 158, Ul-
( 11),1118111.44-41,53,57,58,6ο-96, 1111111111. Hier. 148.
111, 114, 115, 111, (IV), rex Hier. 114, 81911111, domina de 11 333.
137, 139,143—166, 169, 173, 174, 191, 811 (8111), Humbertus ( mbertus, 111-
11111111111114171, 173,175,131,131, bertus) de, civ. Hier. 51, 54, 67, 68, 83,
omanus 138, Rufus 151, vicecom. 87,94,81111111111357. 0
Neap. 88, 115, 117-119, 149-151. 811111, uxor Hugonis 1811111139.
811111, 1111. Ascal. 15, Ρ1111 157. 811111,11111111 117, Ρ11111, 111. (11111111
81111111, Radulfus de 1 3. 61, 811 11111, marie Adelasiae 89.
81131111 (81131111), 1111111111 11 157, 811111, Ι11111111111186.
116,.1111111111 157. Barba, Α111111131,75, 8111111111. de,
Balgus, Jacobus, Ven. 141. Pis. 381, 11111111 315, Μ1111111 381.
81111111 (8111111113 11. 111111),11111111 8111111111, ep. 11111111 11111 131.
314331331, 57,367,11111111Η111. 8111111, Α11111111 11 53. ·
53, 331, 3111ἓ113Ι 148,11111381113333113113)Ι 813111331383131613111211 134111111111Ν11.
131, 1541811 ’-419317,’1(1’3, 318, 341, 8118111011111 di 883 3⁸
343, 3 57,3 59314, 365, 111111111,1111. 81111, Pantaleon, Tyr. 195, 197.
erytr 11 11111. Cypr. 184, 185, 381, 8111111, Willelmus 173.
11 Joppe 156, 157, 171, 175,11 811111,1ο111111,111. 57.
1111111111 371, 11 Μ111111 341, 11 Μ1- 81111111111111 Ρ11111, 111. 8. Sep. 11,
1111111111. Beryt. 318, 331, 11 Ν1ν1111 33-3 5, 38, 39, 41, 41, 57, 145.
367,11Ν11 11 131, 151, 151, 156, 159, 81111,Α11111111 28, 31, 75.
11 Νο111381, 11 81111111 1111, dom. 8111111111(811111111),111.8.81 .75.
11111111 151, dom. 81111.,11). regni 811311(8113111,811311), Gerar us de,
Hier. 247, 148 151, 156, 157,161, 161 11.Τ.,1ο11111111111111111111345.
-16 161, aei-270, 174, 179, 18311. 8113111,Ρ1111111,111. 111. 373.

Arna rici, vicecom. Neap. 149, 131, 11. 8111(1)1111 (81111111) 63, 66, 113, 11111.

8111111111111111111,158,11.8111111, Joppens. 18, 11-13, 15, KZ, 1 Ι3ο, 31,
811111.136,141-145, 146-151,161- 43, 45, 11. 81111111 11 11111 1119,
1119611111111189, 1195111111, 11. Ro· 113, 117, 114, 11. 81111111 811111. 141,

 

