personarum. 441

22, 27, 28 ,32, 75, 84- -,87,93 94, Revel,

ep. Paphensis 288, 282, mon 202 ,92102

12. Η,, 2222. (12222189, 112221, 12.Η. ,.mag 8. 82939 33

ζξζ( 3121213118 ...n ...2. 319,

320, 322 23, 324, 32113931), rex
3922 22 222. 294227, 22932 -,242
(722213121181’ρ12’121111.’3’37,”311’,’13ζ
3651 ’11221222 9262, 821222223268211222
2211022221
222222. Caesar. 223, ’822227222 58, 60,
246, 8122022329, 8222 censu 20222122
901 68, 96, 99, 200, 203, 246, 260, 268,
82221902, 1226222222 ,1222022222 223,
17622126222, 111. 2122222261, comit
11190174, vicecom Massil. 273, Vival-
dus 2726121122211. 275.
Hugo 2222 22222212237 3, 111, 1122192221
1102021382, Romanus 338, 339, 343,

Η21401212, (11221622, 12. Η. ,2.9222 83, 85,
etrus 77,80 85’, 207.

Hu3ua83utrrx (1221121222 212 2202212. 1122-
2 2

Hu 2222, 21 Hug0.

Ηι221226212 28.

Huissettus, scriba 326.

Hulaghu, dux et 2229 T 22222 329, 339.

Η2216212222 8292122222 248.

Η221212222; 21.01212222,Ο2212222,111212222.

Η2222622211). 60, Stephanus 204, 243.

Η2226221222, aurifaber 42 45, 11122222 ens
78, 229 9222 021112122144,5 Cum 62262
(Η22622222 )4462 Baro 52, 57, 64, 68,
’863,,87,,946211211070201.21 66, 62’
2

622222 68, 6210229622 77 1262178,
121.224,1’2812262,12Η.,23 2211,

346, 350- 362, 364, 162112 (Υ62122),Αῐῐ221212222622

5, 77, 86 ,,87 scutifer 274,

62 328, Balduinusde 246,2 5111111111
4, 8216212222 62, 6022. Beryti, 20222
117921 274, 276, 281), 282, 04, 35 82,
394, 8216212222 62, 6022. ’111226211Ᾰέ’ 22,
23, 209, 113, 22 ,,224 8216212222 62,
222222. Hier. ”328, 342, 8211222262 254,
256, 282, 288- —191, 233, 328, 82112222
696923112131271 249 357 3 22132
111112212211810112,81602θ111,’279’28’0
-282 ,292 294, 1121122222 60, 222222.
Hier. 22 Cypri 188 2993 ,372, ’12 821-
62121 62 16211202 58 2212221212 62 357,
0212221222 69222122210 9222. 327,
0616062281 ,24,284, 3610216062,
com. 1099222. 22 ,1169012389 ,80,76-
97 220,222,223,227,22,224,274,
276,2, 282, Hugo de 6022 11222222.
84, 85 87,93,94, 12201122029222) 62
328, 328,5 3 7 ’10622222 62, 2022 109-
9222. 22 Α2221. 22, 322, 327, 328, 52,
10622222 62 dom.Arsur1 et const 222.
296-299, 2216, 207, 228, 286 ,,326 322,
326, 328, 330- 333, 3106212221 62, 6022.
Beryti, 627. regni Hier. 225, 227, 220
222 ,242 242, 244, 249 252 254, 273-
mhmffimfflfflww
iohannes de, dom. 1099222. 22 1122222.
303, 305, 326, 10622222 de ,7222102 272,
274,2 26, 04, 5810262222 628794,
1221121212 33 3333
⁷
244, 246, 249, 298,35 21199222
62 9,2.2 10122212 62 ’1116211οἣ270

1329221 99, Petrus 84, 62 102020 (Tu 12 0212 soldani: Α12 26 612 1121120626 245,

2020, ).20222 Η122. (1, 11 ,111) 28 ,25 ,‚30

99908999292

8w888ff8½

Hungariae, dux Bea 220, rex Andreas H 1 p F90
11626222161222, 202. 62212111 22 cane.

242- 243, rex anon. 382.
Η222212222 (172 237.
Hurellus 78.

Hursa, 0211126222 62.

²3·

247, 275, 277, 319, 320, 2202. 332, Α22
26-612211111622 622122 283, 290, 06122

993 96 97 204, 205 26 622228 222, 224, 112226 26 622283
22323, 227, 22 , 222, 223 3, 2 82, 232, 235- 162, 2202001212261 (18122222 David 62.
24, 244, 246, 252,2 ,266, 273, 160122 22222122. 245 348.

2221229222 Jacobirarum 270, 304.

bertus: 2.22 S 82

1161161122 62 002260 305
1122622212, 0222122 ,Hispanus 320.
Η72226’222222(1226222222, 2122622222), presb. 1112060961 regina Tartar. 385.

Imbertus (Humbertus), 62 Baro 64, 02211-

Η722222(Βο22222,Η12222,Υ22222),00222-1212222202 373,

11222 2 54 2 57
1172262112; 21. 2262112.

Iners, Ro’bertus, civ. ””1121622222.95
121221 (13212291212222), 022160 62 256.

Η7212226226222(1172222622662121226226222) 12212220,122212222 62 2111622222. 224

Η7’2’11210, 12. T. 95.

1262222112, iohannes’de, fr. H. 278.
1292622212 62 Bove 44

Ingeram de Jarne ,12. T. 286.
Ingerammus de 21212222 277.

1.,266228. Sep. 23, 220, 266221. 110222. 1292222622, subdiac. S. Sep. 229.
300, 2226129. Hier. 3 cler. 203, 62 12296 65 62 110122, 122 57,Pedegola 22,

22622220 59, electus 22222. 299, 300,

912012 226 ,227
28·

 

