locorum.

—————————--- —.... —————-- .—---. ..-.-...- ——u

Roma (Rome), casale H. 74, casale S. Sep.

110111211121 (1121121122) 101.

Romane 116.

Rome 326, 333.

Romembre 133.

1101112112 321, 326.

1101112112 321, 333.

Roseia 360.

Rossa 233.

Rubea cisterna (1121321 21112112) 33.
Rugia; 21. 110312.

112112111221- 327.

1121111111 183.

Rupes Ruisso i 204, 214.

Rupes Willelmi (Roche Guillaume) 214.
Russa villa 172.

Saabras 235.

82212112 327.
1111111112111111..
82112111 221212 60, 1 11.
82111112 230.

8211111111 3.

82111121 311.

821211, cf. (1212111138201121.
82111118291111) 146.
8211012)1 297.

82111112 377, 380.

82 1011111294
8282111140.

8211201112 (1.21121291112) 293, 297.
8212112296.

821121 377, 380.
8211121377.
82111111211380, 381.
8210132297.
8212111379.
8211121- addid 379.
82112136.

8211211211 381.
82121112379.

8212111111 237.

· Salome6.
8210112(8210112) 10.
8210112 (02110112) 81, 269.
8211378380.
8211111111121111 120.
8211111324

82111211 318, 328.

821121112 233.
82112111211111 204.
8211211216 04
8211011212 (8211112111) 248.
8211112111136.

8212 80112 (8212 Baria) 7.
82112112 378.

820112 (82012) 181, 213, 238, 272.
8201,128.

8231112112 1620112112) 248.

„ff

saph(ar)0ria 69.

820112(1, (1212111111) rope Neapolim 23.

8201121 Ε21121101(8211121110137, 280.

Saphet Templi 116, 122, 1 , 179, 181,
mffmffifflffl

Sapg18et T eutomcum 135, 222, 248, 263,
2 20 1 1.

82911111ἰέ (8197113112, Cephrie) 18,73, 321,
26.

82121122 133.

821212 64.

82121 2113111212.

821211211380.

8211121121 33, 133.

Sarepta 2110.

8211111111 380, 381.

8210112 (82101112) 6, 326.

8211011111 (8211011111) 329, 330, 340.

82121230.

82112112 218.

8211312 277.

821111 10132 297.

8211122112 329.

8211021022 (Tay[e]rebika) 165.

82111211 81.

8221111 eon (8221112111, 8211211121101,
82112121) 218, 374.

Scebe(i)que 297, 318, 328.

82121221 3 8.

8211111111 QZ).

8212111111111 378.

82112111 Deirkusch 379.

82112111 Kafredenia 333.

821121111 Talmis 3 33.

82112111 111111 37 .

82112111211 381.

Schaubek 378, 380.

Schebthfn 282.

Schedjeret abss 11101342.

8211113111, esch 221, 379.

82111111211111 379.

8211092142.

8206011211

8(2)0111(8211101111) 329, 332, 340.

82 ..1239
8282112 133.

Sebebe 89.

Sebequin3 2122111ςυί11.
8222111112 312.

Sedequie3 21822112(1)912.
Sedes 380.

Sedim 297.

Sedinum 193.

Seecip (8221111) 7.

8212132 ’1, 1012111221-330.
82112112 147.

8211111321 42.

821212 (Sisara) 6, 10.
8211321111 203, 220.

821101 308.

82121112) 224.

82121(11)21 130,131.

Ψ

 

