161, 1111111010,11.Η.96791911190910
, si , 1 10111,
1316Ηά111 3816611110 e346, 947, 111
Lobis 119, 111 Logis 101, 111 Longues-
atha 230, 191, 111 Losana 274, 111
10110, 0111111.’1“1·1901.68, 111 Lye 160,
111Μ111111,11. ’1’., 111199. 967, 1111111119,
11. 1.,1011151. 944, 949, 111 1111106116
(1101101611) 191,190, 169, 160,170,174,
917999 9419919, 1199 1111111111 9919891918,
11110 ,1. ,10111311111 1
1111111113, 11. 11., baj. 111111.’180,’111
11111111, civ. Ant. 949, 1111111110 106, 100,
11111011, 9101. Ant. 114, 111 1110101111
179, 11111011100, 1011. 169, 1111110011
¹. 96, 11110011190101, 11. 1991010911οἀ.
111 11100111111110, 1001. 1099101. 11,
1111100111111110, 11. Ο. Ρ1. 181, 111
Monte 611111117999, 171, 111 1100111111
117,111 More(1i)1‚ 11. 11., baj. Tyr. 101,
906, 111 110111, 110. 949, 111 Nigro 116,
111 01110111οο 184, 111 Orto, cons. Jan.
171, 111Ρ149101 3¹ 1, 111 Ρ11011110 89,
111 Petra 109, 198, 106,111,911, 111
l‘inquigny 919, 910, 914, 998, 96 , 111
1)00100, 11. 1., 11110119. 906, 111 1001
9111391291 ¹ 30, 9339137114711499179
1111811311 1111..ἶῗ1ῗῖῗ,ζ, 1113 ,1ἱῖ
1101111, 11. Η. 109, 111 1101111,11.’1. 09,
1111101110111, 11.’1“., 1111101144. 199, 900,
1180016186,11181101110,11111011.011110.
8111111111111131110111)98411811190100,
cons. 110. 999, 111 scandalione 1, 111
5110111111, 11. Η. 19 9, 111 81011111, 1 .
Η. 918, 999, 994, 999, 961, 111 8111111010
111 81111111, 1000. 8. Manae 111 1111110-
1191111 144, 111 8111 99, 1118000111, 11.
Τ, mag. 07-911,11180110 1081111111
8. Auianio 87, 1118.1111·110017,99, 111
S. Dieri, 11. 11., 11111019. 919, 917, de
8. Justo 16, 111 811010, dux Α111. 171,
189189, 1111161111 194, 1111161110
(Tiberiade) 67, 79, 76, 89, 84, 86, 179,
181, 1814114, 1111101611 11, 111 111111,
0100. 8. Mariae de valle iosaphat 144,
11111111, maresc. Ant. 112, 119118,
914, dle 1000191164, 1191919101 08, ge
1101 1000. 00111 101 ’0 1
10111199, 1111011111 77, 111 1710111115,
11. 11., 91111. 1118, 111 ’1910 78, 89, 80,
99191147, 1191 1191119111 1174, 191 1191191110,
..” 1110111111
11. Η.,2111513. 1111111119. 906,11111’1001,111
Τ, cast. Casiri Peregriu. ⁴44. de Ven-
dobre, mil. T. 177,178, 111 1110110101
719199, 111 1111111100 291 111111111οη1
(vilicis), 11. Η, 90111. 187,19ο,11111’11-
111110, 11. 11., 1111991949, 111 1111101110,
11. Η, 9110181191 1 969, 986, 990,

9999, 9111118099 11 4:0510’590· ξ11901
91911.,1,ῗ9111ἒ1.1“11.;..ἰ1
iiiii} ³553...5¹¹.{?⁰353⁰1¹i{.332333
Ε611111184, Ε111101 111, 119, Ε611110,
111. 11090011 15110111 47 eleemosynauus
Balduini 111 regis 09, 1Ξ106111111,11.Η
110,.Ε(10)6111103 9-1 1, 40, 99, 94, 97,
511111181111181.11)-Α11000810 ,
117, 118,.1111, 119, 119,116,199,198
1111111838ἳὲΞῖ 11111111
1111111001 199,,19. Ν1111. 60, 111. Pro·
11011110 189, 19. 11610111. 961, 978,
979, 191011011001 53, 94, 99, 996919,

47134813541 e1³2Trlpol. 53, tmen.

jirdus 90, Ε11111 109, 81111609 174,
11611, 0111. 11110111. 119ἶ Ι1911911110, 11-
111. ἶ1111051111 97,1”110111111198,1;ι6,012616’
011101, cast.
187, 111110111148, 11. 1111011111 119,11.
1310101101 101, 11. Η. 1091, 11. Η, cap.

11611118, 11010 97,Ι

γ11111141,187, Fertis 198,

19 9, 11. Η, 11111. 109,11. ., eleemos -
narius 161, 11. Η, hospital. Accon. 1691
11. 11., praec. Ant. 67, 81, 11. Η, 91101
Α1100. 141, 178, 11. Η, scri tor 166,
199, 11. 0. Pr. 990, 11. 88. 1113191111
Abacuc fr. .‚ 31011191, 9101-
010 118, 1611011, 110. 910, 11101101
111 8381111118188188188
‘ ’ a 1 1
(111105 9196101101 17, Grossus, 110.
1111111. 101, (10111101 991, (1011101100,
11110111 194, Hasin 146, Η1011101,11.
11., 111199. 179, imbertus 179179, 1111-
nus 164, 1101168109910311 169109-
pensis, 11. 11. 17, 18, 101111011191-194,
997101111οἰ90190181101001111,100111.
’111901 9, 19,111011101189100111,110.
91, Leo 116, 11111196, Liges 119,
1144101 141, 1010610101, 110. Valen.
111111161111111111111
1110. 71, mag„ 110. Sidon. 70, 01191111.
111100. 111116111191. 327, 1, 999,
mag. 01111. 111, Magnus 174, ,1111104911
194, 1111111111, 11. Η, 111199. 9 8, 11011-
11110911111101.949011116101111110011·
1111110 69, maresc. 941, maresc. Ani.
148, maresc. Hier. 87, 91, 99, 99, 96, 99,
104,109,107-109,116-119, 111, 119.
118, 10111111. ’116111111 87, 116, 11101,11.
11. 109, 111161014149, 117, 1111441111,
111, 11111. 149, 11110901 990111111111111
190, 1101111101, 11.”1.,1111199. 9 99, 010·
01111101 91, 1000. 8. Mariae de vallesu-
sapha187, Mussus 911, 01901Α10111111,
prioris Montis 0111111 80, nepos 91111.
(101111101111111.44,46,Ν11011101, scribe

1 110, 001. 69, Niger, cons. Jan. 6971,

 

