personarum.

183, 188, 233, 309, 321, 336, 339, 333, Vi oles, Pi 1002 de 103.
3,Αο ypt1222,223,2 9,243,236, 237, 1128811012), 1806201212 27 .

{iot .’ 321-323, 388, Α123232202 222, 11110100 ,1012200012 8018ἶ 346.
233, 266, Ant. 24, 49, 72, 223, Arinen. 1121022( 2111022,11212022),101202 0327,340.

209, 302, 3 38, Α2021. 24, 298, 12234, 23 3, 11802002, (1081012002 80,12. 11, praec. 2922
242, 233, 2 34, 290-292, 293-297,33 3, 11111022, (1011Ιο10202 8012. 11, praec. Ac-
392, Beryt. 242, 2 3232 33, 800. 23, 24, con. 187.

118,1111,11>Ξ’9,1123,12311,322, 333, 333, 111820022ςο11118000020.

2, 288, 203, 200, villafranca, Βο2022802 80, 002. 233.
338, 366,3 9,Η102.2 ,2 8,2 ,100022 villanus, archiep. Pis. 73, 78,82 8, 0
247, 3202. 247, 233, 512100. 24, 213201. 4, Α10020 296, 299, 206, 207, ². 27, iil 110221,
23, 366, Tyr. 23, 203, 2326, 208, 240, Ι1ζ32. 78, 1800022802 297, Ρ33. 82,8 presb.
{4}ss 11131323 ’,031111 8331111151 021111211111112185111. 1131 ²·
360, 367, 2200002022. 267, 220, 229, 290, 1131122; 01. 11812022.
110221121210221124,κ Lucas 78. νιξὲΐῖ118181121218112ῐ11οῗ812ἀ1111211212 (im ξ-
1100012222101220002 22. . <in 365, 386 390 3.
1100000122, Petrus tie, cons. 120. 374. V· 0322300, 22012203). 2112212202 80 376.
1100220221120, Laurentius 80 22. 1128022; 0111812022.
1100202,(1018012002,0002120373 11181022 (11812202), (1080120802 80 236,
1102,Ι 110302 80, 12, H, 8223232. 02 32002Αο- 2 7, 260, 327, 322, 329, 330, 332, 340,
31003433345· liu 0 80 329, 330 32, iohannes de
110200112, 1120012222 80 233. 12. it, 0223. 372, gig, 389- 393, 11200
1102001100222 ep. Albertus 128. ι80 337.
110200001 (1102010221), Simon 80, 0222. Tyr. 1120εο300222, Αο201020221 30 .
2 2. Vincentius, civ. Μ26002.78, 8011212010
11028000, Α1602202 80 42, (1018012002 80 392.
39, Otto dde 75, 133, Robertus de 202, 1113310303ἰί 1012200οε 80, not. regis Jo-
νοτὲἕὲἓιὲῗ Rittit⁵c2c’itis5 1100081οῐ02 80, Ρ12. 1 1110011Ῠ11082ῗ2228ῒ 222. ι
11022111, Henricus de 384, 101220002 80 384 ὅΐὲᾑξξὲἓᾟέὲῗηῗ. H„ hosplml. ²78⁸
110200, W. 80 39. 11222822,112801102 34, 39.
Veronensis 2222201210 Ηο20220002 63. 11120001, 1106022232 80 226. .
11020002, 11020000 342. 112222, 0032222 8212620 Αο000.,1822 Georgii
Vesinis; 01. Νο32121012. 349.
1102021 82182 (Veille bride, Veteri 32212222), 11122, 8020102 278.
1102202 80,12. Η, 02230. commend. 02 1112210, Αο82022 80, 21000020110οΑ0000
2023. 284-286, 289, 329. 220. ·
Vetus 80 Monte 292. 11122112 (111821) 2 36, 2 7, 11082022, baj. 1100.
1102200 (1112081002 80, 002. 320. 2100002 3244, (8101211100. 24 ,11210-
1112021082022 de, 12. H. 222. 220 228, 12. 232,12.11. 323, (1212122 233,
1122000202 204. 2 6, (121210002 297, 1200602101. 2 3,
Vibinus; 01. 1061002. 286, 362, Μ1012201,8021100.2ο3,208,240,
11ιο0000202, Α2102202 288, 8022220802 26, Ι0122210002 268, Ρ20221000 293, 294.
224, 82001102 262,112001102 ¹54- 1122222202,101220002 87.
vicecomitissa, Clarembaldus 80 209, 110- 11122180, 11021002 80 320, 1112221802 80 274.
Ι21020 24. . · 11122180280110312200820 2080001020
11206000(110120220) 1122021802 80,12.Τ., 3, 80 11222 80 274, 030, 2 0820.
0223. 02 322200. 283 308, 326 322. 2228. 273, juris 3200202 338, 021012
Vico, Belcayrus de, 1122. 3031102022802, Ι208.
002. 80 238. 1122202, 10 0 337.
Victor IV, 322 2 9 . . 88120110820002 298, 202.
111821 (111820, 122112),Αο82022 234, 8200- 1122222002, 020. S. 21622620 200, 80 Cay-

2000 80 332, inques, 0211. 308, 326,327, 32122 43, 73, 96, 208, 209, 326, presb.

320‚322‚325‚326› 33523365345’3472 Ant-2242 9223122282, scnp19rVen.
35 38 223, 239, Τ2120222822 72, 208, vicecom.

1118282 (11122112), (1210122 348. (12712039, 209.

1130806200, Thomas 333. 11032002, 0602202 80 17.

11ιὲ002, 31083022 ege, 302. 210000. 270, 278, Vos 311012), paganus 80 33, 62, 97, 203,
0023202 033. .

 

