personarum. 47¹

n———un-—n-ss— ---—--——- α* --.---.-————-—-

8211 (8211),81111211202 11 ²74 82122012844, 821211280 250, 82 8201-

Relrs, fr. Τ, 220222. 188, 18 . 1128210104, 828102121028, 82 88812-

821120 (821120, 82111202), (laufridus de, ham 120, 8122. 8. 82 . 33, ept Andriae

11. Η. 328, 35. 86,92,105,1282139,111203211111121222.

8201828210812811180282104. 12301 81211122 263, 260, 276, 2 7, 279,

82102οε12,21211129112011202 107,121, 127, 283, 288, 11. Galluam , 11. ll, thes.

1 1, ¹3 , archiep. Manasse 2‘. 4, ar· 221,246,Gurllelmus‚lr. .100,.121211002

2 29. 1128111102 24, 2128129. 821021802 ,12 Lo , 11. Τ, 81299. 344, 1000. S.

24, archiep. Samson 84 11111122 <le valle 1022911111 ,, procur.

Rem1 us 103. Η. 357, q. Tancredr 258, 2101οη802

Rem' 2, 01121802 82 166. 343, (Ι), rex 8031122 34, 181,187, 189

820112.8182112112 82,220. 82200. 205. -191, 208, senescalcus 17, 18, vice-

8202188113 9. com. Caesar. 35.

820201, 82 2012011,11.Τ.,21121.Το1102. 81282182 (812821812, 812801812, 812811812,
28 , 82 Ν201011, 1011, 2011101208.Τ11- 8122) 164,
1122100101 Ηί11111]11121

82082018 (8818821802), 921. Godofredi 127. ’ . ι l

17139148· nc

Renertus; 21. 821021102. 82121011021146, 148149, 152, 156, 167,

8203821102, 800001202. 8. 171,172, 183, 191,192,205,206,ep.Me-

Rensanis de Cremona, 8032122102, 001. 1120212 2 57.

382. 812811812, 0101880012 82 08212210, mat.
Renrerius, Bartholomaeus 166. Warmundi 18, uxor Balduini 82 Μ112-
8200218024. 82112 109, 110, 113, uxor Romani de
822281021211129. 2000. 82 261, archiep. Ι80810 34

10820022 82 376. 8128021802, 220. 8. Sep. 15.

Restorius 100212 353. 8128080002 00120002,οο1. 120. 253, 2 54.

8212828, 01101. 80212 Hungariae 120. Richus, 2112092181 384.

8212218 (82221221, 823112212), 882121802 812102, 0111210102,2002. 120. 188, 032-
82 44, 62, 81821102 (81821102) 82 92, rius, cons. 120. 310-3 3.

8082110282 81, 88, 89, 96. 81201102 36.

821821 (82121), 8 1119902 82 342, Thomas Ricolus 21.

82 2 52-254, 257, 337. 8120102002 quondam Cumisarli, 812. 363.
Rerhetensis 3202 21. 812012120212, Guillelmus‚ Pis. 389.
Revel, Hug0, fr. H, cast. 01211 289, fr. 81821011, 02121802 82,11.Τ., 220222. 21

810212411112-133, 141-146. 350 mae· ¹1 1621111176. Gerardus de,

-361,364,365,11. ., 10230. 91222. maresc. er. 156,157.

82111111 11102112212 l), 211111111111239186. 81818821111518222721Μο01128212 1101 103.

8211300,1ο1120022 82 392. 818020128218211100282,20111. evemae

Rex (Rei), Gerardus de 88, Martinus, fr. 286.

H. 5, Petrus 61, 81221102 90, 130, 141, 81320802 68.

Ι801121102 28, 812 821102 158ἶ 813112212; 218212282). Ι

81821802, 28822 8. 1 21122 1211022 143. 810182132, 81108225 21. 81282132.

81808 56. 81102111210 (8201110101), 82121802 (02101-

Riccardinus, fil 82111 8200292812 288. 802 1) 82 152.

1212221802, 21. 8128111802. Ripelmunde (818280010012), 10182002 82
1221 . 1 .

8128211110 (812221802, 8128211) 44, 28822 81911102 81212202 10 .
8. Μ21122 Latinae 21, 33, 86, acolytus Rlpolo‚ Marchisius 8erenga1ius 82, 120.
Caesar. 14, Albericus, 220.Α2200. 206, (21. 8292110) 245.

80311202, 211. 82200. 362, 80311202, 11. Riquitiue, Bernardus 41.

H. 162, Anglicus 021121. ,archia 1802111221γο

Tortos. 347, cam. 11821121 262, 220. 81282132 (8110822 811082132), 0110 82

82200. 205, 220. 81800. 125, 2208. 87, 88, 104-1011

829. 41, 220.Τ.1)010. 36, 124, 2201. 81222110 82 373.

Tnpol. 21220171. 351, 029002 109, 81221102, 82220002 68.

card. 6,20111. Cornubrne 285, 286, 2931, 8120, 222. 801. 45.

300, 20021. 801. 5, 829. 022221. 1, 2 811212, 2801102 82 12, 2221801183185,

8032111112 191,1 2, 206, 82 82101001 191, 206.

48, 82 Butes, fr. ., 2221. 287, 289, de 811228), 8110211202 82, 220222. Cypn' 193,

 

21102, 8110211202 110, 00112221 127, '

